0: 255,0,0
1: 253,2,0
2: 250,5,0
3: 247,8,0
4: 245,10,0
5: 242,13,0
6: 239,15,0
7: 237,18,0
8: 234,21,0
9: 231,23,0
10: 228,26,0
11: 226,29,0
12: 223,31,0
13: 220,34,0
14: 218,36,0
15: 215,39,0
16: 213,42,0
17: 210,44,0
18: 208,46,0
19: 205,50,0
20: 202,52,0
21: 200,54,0
22: 197,58,0
23: 194,60,0
24: 192,63,0
25: 189,66,0
26: 186,68,0
27: 184,71,0
28: 181,74,0
29: 178,76,0
30: 176,79,0
31: 173,82,0
32: 171,85,0
33: 171,87,0
34: 171,90,0
35: 170,93,0
36: 171,95,0
37: 171,98,0
38: 170,101,0
39: 171,103,0
40: 171,105,0
41: 170,108,0
42: 171,110,0
43: 171,113,0
44: 170,116,0
45: 171,118,0
46: 171,121,0
47: 170,124,0
48: 171,127,0
49: 171,130,0
50: 171,133,0
51: 170,135,0
52: 171,138,0
53: 171,141,0
54: 170,143,0
55: 171,146,0
56: 171,149,0
57: 170,151,0
58: 171,154,0
59: 171,157,0
60: 170,159,0
61: 171,162,0
62: 171,165,0
63: 170,167,0
64: 171,171,0
65: 165,174,0
66: 160,176,0
67: 154,178,0
68: 149,182,0
69: 144,184,0
70: 138,186,0
71: 133,190,0
72: 128,192,0
73: 122,194,0
74: 118,197,0
75: 112,200,0
76: 106,202,0
77: 102,205,0
78: 96,208,0
79: 90,210,0
80: 86,213,0
81: 80,215,0
82: 75,218,0
83: 69,221,0
84: 64,223,0
85: 59,226,0
86: 53,229,0
87: 48,231,0
88: 43,234,0
89: 37,237,0
90: 32,239,0
91: 26,242,0
92: 21,245,0
93: 16,247,0
94: 10,250,0
95: 5,253,0
96: 0,255,0
97: 0,253,2
98: 0,250,5
99: 0,247,8
100: 0,245,10
101: 0,242,13
102: 0,239,15
103: 0,237,18
104: 0,234,21
105: 0,231,23
106: 0,228,26
107: 0,226,29
108: 0,223,31
109: 0,220,34
110: 0,218,36
111: 0,215,39
112: 0,213,42
113: 0,210,44
114: 0,208,46
115: 0,205,50
116: 0,202,52
117: 0,200,54
118: 0,197,58
119: 0,194,60
120: 0,192,63
121: 0,189,66
122: 0,186,68
123: 0,184,71
124: 0,181,74
125: 0,178,76
126: 0,176,79
127: 0,173,82
128: 0,171,85
129: 0,165,90
130: 0,160,95
131: 0,154,101
132: 0,149,106
133: 0,144,111
134: 0,138,117
135: 0,133,122
136: 0,128,127
137: 0,122,133
138: 0,118,137
139: 0,112,143
140: 0,106,149
141: 0,102,153
142: 0,96,159
143: 0,90,165
144: 0,86,170
145: 0,80,175
146: 0,75,180
147: 0,69,186
148: 0,64,191
149: 0,59,196
150: 0,53,202
151: 0,48,207
152: 0,43,213
153: 0,37,218
154: 0,32,223
155: 0,26,229
156: 0,21,234
157: 0,16,239
158: 0,10,245
159: 0,5,250
160: 0,0,255
161: 2,0,253
162: 5,0,250
163: 8,0,247
164: 10,0,245
165: 13,0,242
166: 15,0,239
167: 18,0,237
168: 21,0,234
169: 23,0,231
170: 26,0,228
171: 29,0,226
172: 31,0,223
173: 34,0,220
174: 36,0,218
175: 39,0,215
176: 42,0,213
177: 44,0,210
178: 46,0,208
179: 50,0,205
180: 52,0,202
181: 54,0,200
182: 58,0,197
183: 60,0,194
184: 63,0,192
185: 66,0,189
186: 68,0,186
187: 71,0,184
188: 74,0,181
189: 76,0,178
190: 79,0,176
191: 82,0,173
192: 85,0,171
193: 87,0,168
194: 90,0,165
195: 93,0,162
196: 95,0,160
197: 98,0,157
198: 101,0,154
199: 103,0,152
200: 105,0,150
201: 108,0,147
202: 110,0,145
203: 113,0,142
204: 116,0,139
205: 118,0,137
206: 121,0,134
207: 124,0,131
208: 127,0,129
209: 130,0,125
210: 133,0,122
211: 135,0,120
212: 138,0,117
213: 141,0,114
214: 143,0,112
215: 146,0,109
216: 149,0,106
217: 151,0,104
218: 154,0,101
219: 157,0,98
220: 159,0,96
221: 162,0,93
222: 165,0,90
223: 167,0,88
224: 171,0,85
225: 174,0,81
226: 176,0,79
227: 178,0,77
228: 182,0,73
229: 184,0,71
230: 186,0,69
231: 190,0,65
232: 192,0,63
233: 194,0,61
234: 197,0,58
235: 200,0,55
236: 202,0,53
237: 205,0,50
238: 208,0,47
239: 210,0,45
240: 213,0,43
241: 215,0,40
242: 218,0,37
243: 221,0,34
244: 223,0,32
245: 226,0,29
246: 229,0,26
247: 231,0,24
248: 234,0,21
249: 237,0,18
250: 239,0,16
251: 242,0,13
252: 245,0,10
253: 247,0,8
254: 250,0,5
255: 253,0,2
